v 68
p 0 -90 -30
p 1 -90 0
p 2 -90 50
p 3 -40 80
p 4 70 80
p 5 110 50
p 6 110 20
p 7 110 -30
p 8 10 -30
p 9 -40 0
p 10 -40 50
p 11 70 50
p 12 70 20
p 13 70 -30
p 14 10 -90
p 15 70 -90
p 16 120 -90
p 17 150 -50
p 18 150 20
p 19 150 50
p 20 70 150
p 21 -40 150
p 22 -110 -90
p 23 -210 -90
p 24 -250 -90
p 25 -250 0
p 26 -220 50
p 27 -220 90
p 28 150 150
p 29 -120 150
p 30 -180 -30
p 31 -180 0
p 32 -180 50
p 33 -350 50
p 34 -370 30
p 35 -250 120
p 36 -250 180
p 37 -320 260
p 38 -390 260
p 39 -60 180
p 40 -60 300
p 41 70 180
p 42 150 240
p 43 230 240
p 44 290 20
p 45 200 50
p 46 320 50
p 47 380 100
p 48 260 -140
p 49 300 -140
p 50 120 -125
p 51 170 -125
p 52 170 -250
p 53 310 -250
p 54 120 -190
p 55 70 -190
p 56 10 -130
p 57 -15 -145
p 58 -15 -190
p 59 -90 -190
p 60 -110 -170
p 61 -110 -210
p 62 -90 -230
p 63 -90 -280
p 64 -15 -230
p 65 70 -250
p 66 -210 -170
p 67 -320 -170
e 0 1 5
e 0 8 17
e 0 9 10
e 0 22 13
e 0 30 17
e 1 0 5
e 1 2 10
e 1 9 8
e 1 31 17
e 2 1 10
e 2 3 10
e 2 10 8
e 2 32 17
e 3 2 10
e 3 4 18
e 3 10 5
e 3 21 12
e 4 3 18
e 4 5 9
e 4 11 5
e 4 20 12
e 5 4 9
e 5 6 6
e 5 11 7
e 5 19 7
e 6 5 6
e 6 7 10
e 6 12 7
e 6 18 7
e 7 6 10
e 7 13 7
e 7 16 11
e 7 17 9
e 8 0 17
e 8 13 10
e 8 14 10
e 9 0 10
e 9 1 8
e 9 10 10
e 9 12 20
e 10 2 8
e 10 3 5
e 10 9 10
e 10 11 18
e 11 4 5
e 11 5 7
e 11 10 18
e 11 12 6
e 12 6 7
e 12 9 20
e 12 11 6
e 12 13 10
e 13 7 7
e 13 8 10
e 13 12 10
e 13 15 10
e 14 8 10
e 14 22 20
e 14 15 10
e 14 56 8
e 15 13 10
e 15 14 10
e 15 16 8
e 15 55 20
e 16 7 11
e 16 15 8
e 16 17 9
e 16 50 7
e 17 7 9
e 17 16 9
e 17 18 13
e 17 48 24
e 17 49 28
e 18 6 7
e 18 17 13
e 18 19 6
e 18 44 24
e 19 5 7
e 19 18 6
e 19 28 18
e 19 45 10
e 20 4 12
e 20 21 18
e 20 28 15
e 20 41 6
e 21 3 12
e 21 20 18
e 21 29 15
e 21 39 7
e 22 0 13
e 22 14 20
e 22 23 18
e 22 60 16
e 23 22 18
e 23 24 7
e 23 30 14
e 23 66 16
e 24 23 7
e 24 25 18
e 25 24 18
e 25 26 12
e 25 31 16
e 26 25 12
e 26 27 8
e 26 32 8
e 26 33 22
e 27 26 8
e 27 32 10
e 27 35 8
e 28 19 18
e 28 20 15
e 29 21 15
e 30 0 17
e 30 23 14
e 30 31 6
e 31 1 17
e 31 25 16
e 31 30 6
e 31 32 10
e 32 2 17
e 32 26 8
e 32 27 10
e 32 31 10
e 33 26 22
e 33 34 6
e 34 33 6
e 35 27 8
e 35 36 14
e 36 35 14
e 36 37 20
e 37 36 20
e 37 38 15
e 38 37 15
e 39 21 7
e 39 40 22
e 40 39 22
e 41 20 6
e 41 42 18
e 42 41 18
e 42 43 17
e 43 42 17
e 44 18 24
e 45 19 10
e 45 46 22
e 46 45 22
e 46 47 17
e 47 46 17
e 48 17 24
e 48 49 8
e 49 17 28
e 49 48 8
e 50 16 7
e 50 51 10
e 50 54 12
e 51 50 10
e 51 52 22
e 52 51 22
e 52 53 24
e 53 52 24
e 54 50 12
e 54 55 8
e 55 15 20
e 55 54 8
e 55 58 16
e 55 65 11
e 56 14 8
e 56 57 6
e 57 56 6
e 57 58 10
e 58 55 16
e 58 57 10
e 58 59 12
e 58 64 9
e 59 58 12
e 59 60 6
e 60 22 16
e 60 59 6
e 60 61 8
e 60 66 18
e 61 60 8
e 61 62 6
e 62 61 6
e 62 63 10
e 63 62 10
e 64 58 9
e 65 55 11
e 66 23 16
e 66 60 18
e 66 67 20
e 67 66 20
